[BigBoy.BigBoy]
TGSpeed=430
LGSpeed=100
TWSpeed=370
LWSpeed=60
TDScale=2.000000
LDScale=0.200000

